00100000000000000000000000101001
00100000000000000100100000100011
00100000000000000001100010111110
00100000000000000110011110000100
00100000000000000100101011100001
00100000000000000011110101101100
00100000000000000010110011010110
00100000000000000111001010101110
00100000000000000110100101010010
00100000000000000101111110010000
00100000000000000001011001001001
00100000000000000110110111110001
00100000000000000101101011110001
00100000000000000100000110111011
00100000000000000010011011101001
00100000000000000000000111101011
00100000000000000000101110110011
00100000000000000010111010100110
00100000000000000001001011011011
00100000000000000001010100111100
00100000000000000111111010000111
00100000000000000011100100001100
00100000000000000000111100111110
00100000000000000000000010011001
00100000000000000000000100100100
00100000000000000011000001011110
00100000000000000100010000001101
00100000000000000100100100011100
00100000000000000100110100000110
00100000000000000100110110110111
00100000000000000001010101000111
00100000000000000101010011011110
00100000000000000011100110110011
00100000000000000010110100010010
00100000000000000000011101001101
00100000000000000100110111001000
00100000000000000110010001000011
00100000000000000110011010111011
00100000000000000100001010001011
00100000000000000010011010100110
00100000000000000111000000011111
00100000000000000101110100000011
00100000000000000111101001011010
00100000000000000111011001111101
00100000000000000100010100001001
00100000000000000001001000111000
00100000000000000011101100100101
00100000000000000001111000011111
00100000000000000110111001011101
00100000000000000001101011010100
00100000000000000110001111001011
00100000000000000110101111111100
00100000000000000111111110010110
00100000000000000111111111110101
00100000000000000100111001000101
00100000000000000011001000111011
00100000000000000010001000010011
00100000000000000010011000001101
00100000000000000110101110001001
00100000000000000000001100001010
00100000000000000011000000011100
00100000000000000000101111011011
00100000000000000101011010101110
00100000000000000000011100110010
00100000000000000000000100100000
00100000000000000111010110011010
00100000000000000010001101010000
00100000000000000010001011101110
00100000000000000100101101000000
00100000000000000101100001111000
00100000000000000110101100110110
00100000000000000101110011111101
00100000000000000011111000010010
00100000000000000001101001001001
00100000000000000101111100110010
00100000000000000011101111110110
00100000000000000011101010011110
00100000000000000111100101111101
00100000000000000101111101001001
00100000000000000000110111011100
00100000000000000100110010101101
00100000000000000011000101001111
00100000000000000101111000010100
00100000000000000100110111110010
00100000000000000100100101000100
00100000000000000010111001000000
00100000000000000001001101100110
00100000000000000001110011010000
00100000000000000011011001101011
00100000000000000110011011000100
00100000000000000100001000110000
00100000000000000111111010110111
00100000000000000110000000110010
00100000000000000010110000111011
00100000000000000001010110100001
00100000000000000101010000100010
00100000000000000011111011110110
00100000000000000000100000100010
00100000000000000101100110010001
00100000000000000100000010011101
