00100000000000000001001011100001
00100000000000000111100110001011
00100000000000000001001000011111
00100000000000000111001111011010
00100000000000000101100010110000
00100000000000000010011011001010
00100000000000000011011010011001
00100000000000000000100100000010
00100000000000000111101110111001
00100000000000000101011101110010
00100000000000000001001110011101
00100000000000000111000001001001
00100000000000000110100100101100
00100000000000000100101010000000
00100000000000000001100001111110
00100000000000000001011011000101
00100000000000000110100010011001
00100000000000000011110011010101
00100000000000000001001111101001
00100000000000000100000010000000
00100000000000000101110110110010
00100000000000000011001111101010
00100000000000000010001111001001
00100000000000000100100011001100
00100000000000000101011101010011
00100000000000000110000010111111
00100000000000000101110001100111
00100000000000000011110011010110
00100000000000000000111110111111
00100000000000000010111100010100
00100000000000000110101011010110
00100000000000000000010001111110
00100000000000000100001000101101
00100000000000000101010011011100
00100000000000000011011010001110
00100000000000000000110101100110
00100000000000000111100110000011
00100000000000000111010111101111
00100000000000000100011001010111
00100000000000000010110001001001
00100000000000000011110001100001
00100000000000000010111111111111
00100000000000000110110001101001
00100000000000000010100010001111
00100000000000000011101001100001
00100000000000000010001011001101
00100000000000000111110111010001
00100000000000000010011000011110
00100000000000000101111010011101
00100000000000000100100010011100
00100000000000000001100100010110
00100000000000000110000101110010
00100000000000000110101101110010
00100000000000000011001011100110
00100000000000000100000000011101
00100000000000000111000111110000
00100000000000000000001110000100
00100000000000000111111101001111
00100000000000000100100101001010
00100000000000000000011001110111
00100000000000000100010000000010
00100000000000000001100011010111
00100000000000000110101111101000
00100000000000000101000000111001
00100000000000000101010000101100
00100000000000000001100101010011
00100000000000000110101111001011
00100000000000000000111111001001
00100000000000000000111000010010
00100000000000000101111100011110
00100000000000000010100000110011
00100000000000000111100001110100
00100000000000000010010010011110
00100000000000000010101100001100
00100000000000000001000111110100
00100000000000000101110111010101
00100000000000000110101011010100
00100000000000000101101010011111
00100000000000000100110011010100
00100000000000000101111110100100
00100000000000000010000001011001
00100000000000000001001001111110
00100000000000000000000000110101
00100000000000000000011111001111
00100000000000000110011100110010
00100000000000000110110100100010
00100000000000000001101011110100
00100000000000000000111011001100
00100000000000000100011011001111
00100000000000000000000111010011
00100000000000000000111010010000
00100000000000000011101000101101
00100000000000000110000001001000
00100000000000000101011111010011
00100000000000000100010110001111
00100000000000000000100101110101
00100000000000000011011111100110
00100000000000000001100111011001
00100000000000000101100100011101
00100000000000000010010100101010
