1011010101001011
1001000001100100
1100110011001111
0100001110110001
0000111100001000
1101111011100011
1110100000110000
0011101000011111
1100101100000101
1001110100111000
0111000000111000
1000001001001000
0001111001001010
0010100001001101
1100000001000111
0111111101110100
0100101101000010
1111000011000101
0001111100000111
0000101101011001
1100101000111001
0111111010000001
1100011110100011
0001001010010000
0101011111010111
1011111010101110
0001000010100101
0110010011101001
0001101101010110
1010110010101100
1100010010100101
1110100011001000
0010100010110101
0100001011001001
0000000011111110
0010001111010100
1011111101001001
1011011100111100
0100101101001101
0111100101101100
1110101110000111
0100100010000000
0001110000101101
0000110111000101
0110001100010000
1101001001001010
1010110110101000
1100001110100010
1010001101111101
0110011101000001
0011011001011110
1111100101000011
1111101100011000
1010011111011101
0011011010100010
1110010011001111
0100001011010110
0111110111101101
1101011101110001
1111010000011001
1101011000101000
1010011011101100
1111000000111101
1000111110000110
0001011101010011
1101010101011111
0000100101000000
0111110001100100
1001100111110010
0111100010001001
1000000101000101
0111010101100000
0001010011101001
0011010101010101
0000100010010000
0101011010110110
1000100000101001
0001110111111011
1100011101101100
0111110010101101
0010110011100110
1000111110001111
0111111100000101
1011010011001101
1011111100010100
0110110100101101
0101101001000000
1000110101100011
0111001011111110
0011100001000100
0101110111111101
1111110001101010
0001110100111011
1100010010110011
0101100101001101
1100011001011011
1010100101000011
1000110110001001
0010011110111111
0101111111011000
