1000100000011110
1111001111101100
1111110011111111
0111111101100001
0100010000101101
1110000010000001
0010110010111000
1111111110000010
0101000001100100
1110101101100000
1010010011011010
0110101000111001
0001011111000111
0100000011000000
1100000100000011
0011010100111010
1111110101101010
0111001101010001
0010110111111001
1001001011001000
1101100110110111
0111010000100001
1110101100001110
1011000100100011
1100010010000011
0010011001100101
1100011111010000
1010111111111101
0111010111111000
1101110111010110
1000011110011010
1111001101100001
1010010001110100
0010011100100011
0101010000000101
1110100011100010
0101011101011101
1110011100011101
1100011111000001
1101110011001000
0011010001110001
1010111111001111
1001011000101011
1100100001101100
1010010000001110
0101100000010001
0010000001011111
1111001001000011
0111001010100000
0001110110000001
0011111110011010
0101000110010110
0101011111110100
1100011010101100
0000011011000100
1110011100011001
1000111001100010
1101010100111111
0111001110110100
0001111010000011
0110000011011101
0010000010111010
1010101110000001
1110100111101000
1111000110011001
1110000100011101
0101111111101000
0011101011111100
1101010110110001
1011000001010110
1010110101000001
1000110000100100
1001001001000110
0100110100011011
0100011100010011
0101010100110010
1000100001000011
0111100110110100
1001011011000110
1110000000101000
0111100011100010
1010011011010100
0101101011010111
1110101111011010
0010001011010011
1110001011001100
0010110100110011
0100110101000101
1110110000111000
0010101010101011
0100110100011010
1101011101111010
1001000110001011
0110011100001111
1111000100001100
0111010111010110
0101110111111101
1010010111101110
1000100111010000
0001011001000110
